
$ 1 0.000005 10.20027730826997 50 5 50
155 432 32 528 32 0 0
155 432 384 592 384 0 0
155 432 736 528 736 0 0
152 288 32 368 32 0 3 0 5
L -240 -96 -240 -160 0 0 false 5 0
150 112 -48 208 -48 0 3 0 5
x 472 1 488 4 4 24 A
x 474 358 490 361 4 24 B
x 472 705 489 708 4 24 C
150 112 32 208 32 0 2 0 5
150 112 112 208 112 0 2 0 5
150 112 304 208 304 0 2 0 5
150 112 384 208 384 0 3 0 5
150 112 464 208 464 0 3 0 5
150 112 640 208 640 0 2 0 5
150 112 800 208 800 0 3 0 5
150 112 880 208 880 0 3 0 5
w 208 32 288 32 0
w 208 -48 240 -48 0
w 240 -48 240 16 0
w 240 16 288 16 0
w 288 48 256 48 0
w 256 48 256 112 0
w 208 112 256 112 0
w 368 32 432 32 0
w 528 32 592 32 0
w 592 32 592 -160 0
w 528 384 592 384 0
w 592 384 592 288 0
w 528 96 592 96 0
w 592 96 592 192 0
152 288 384 368 384 0 3 0 5
152 272 736 368 736 0 4 0 5
w 592 240 592 288 0
w 528 736 592 736 0
w 208 304 240 304 0
w 288 368 240 368 0
w 240 368 240 304 0
w 208 384 288 384 0
w 288 400 256 400 0
w 256 400 256 464 0
w 208 464 256 464 0
w 528 448 592 448 0
w 592 448 592 544 0
w 592 544 256 544 0
w 208 640 240 640 0
w 240 640 240 704 0
w 240 704 272 704 0
w 272 720 208 720 0
w 208 800 208 752 0
w 208 752 272 752 0
w 272 768 224 768 0
w 224 768 224 880 0
w 208 880 224 880 0
w 368 736 432 736 0
152 928 -48 1040 -48 0 3 0 5
152 1088 352 1200 352 0 2 0 5
w 368 384 432 384 0
w 1184 144 1248 144 0
w 1024 224 1072 224 0
w 1072 160 1072 224 0
w 1104 160 1072 160 0
w 1024 144 1104 144 0
w 1056 128 1056 64 0
w 1104 128 1056 128 0
w 1024 64 1056 64 0
152 1104 144 1184 144 0 3 0 5
150 928 224 1024 224 0 3 0 5
150 928 144 1024 144 0 2 0 5
150 928 64 1024 64 0 2 0 5
150 928 400 1024 400 0 2 0 5
w 1024 400 1056 400 0
w 1056 400 1056 368 0
w 1056 368 1088 368 0
w 1200 352 1248 352 0
w 1040 -48 1232 -48 0
x 1180 -65 1252 -62 4 24 /LOAD
x 1189 124 1317 127 4 24 /addr_buffer
x 1191 335 1231 338 4 24 /CS
x 1206 477 1251 480 4 24 /WE
x 1192 556 1233 559 4 24 /OE
x 1135 701 1225 704 4 24 latch_ad
w 1200 576 1248 576 0
w 1056 592 1088 592 0
w 1056 624 1056 592 0
w 1024 624 1056 624 0
150 928 624 1024 624 0 2 0 5
152 1088 576 1200 576 0 2 0 5
150 944 736 1024 736 0 3 0 5
w 1024 736 1232 736 0
L 1200 464 1136 464 0 1 false 5 0
R 400 848 352 848 1 2 100 2.5 2.5 0 0.5
w 400 848 400 768 0
w 432 768 400 768 0
w 400 768 400 416 0
w 432 416 400 416 0
w 400 416 400 64 0
w 432 64 400 64 0
w 592 192 -128 192 0
w -128 192 -128 -64 0
w 112 -64 -128 -64 0
w 592 -176 -128 -176 0
w -128 -176 -160 -176 0
w 112 16 -160 16 0
w -160 16 -160 -176 0
w 112 96 -160 96 0
w -160 96 -160 16 0
w 592 240 -96 240 0
w 112 -48 -96 -48 0
w -96 -48 -96 240 0
w 256 544 -32 544 0
w 112 48 -64 48 0
w -32 544 -64 544 0
w 592 592 16 592 0
w 16 592 -32 592 0
w -32 -32 112 -32 0
w 112 128 -240 128 0
w 96 288 -64 288 0
w 592 -176 592 -160 0
w 96 288 112 288 0
w 112 320 -32 320 0
w 112 368 -128 368 0
w -128 192 -128 368 0
w 112 384 -96 384 0
w 112 400 0 400 0
w 96 448 -160 448 0
w 96 448 112 448 0
w 112 464 -96 464 0
w 96 480 -240 480 0
w 96 480 112 480 0
w 528 800 592 800 0
w 592 800 592 960 0
w 592 960 32 960 0
w 112 624 0 624 0
w 112 656 -240 656 0
150 112 720 208 720 0 3 0 5
w -128 368 -128 688 0
w 112 704 -128 704 0
w -128 688 -128 704 0
w -96 240 -96 288 0
w -96 288 -96 384 0
w -96 384 -96 464 0
w 112 720 -96 720 0
w -96 464 -96 720 0
w 112 736 0 736 0
w -160 96 -160 448 0
w 112 784 -144 784 0
w -160 448 -160 784 0
w -144 784 -160 784 0
w -64 544 -64 800 0
w -64 800 112 800 0
w 112 816 0 816 0
w 112 864 -160 864 0
w 112 880 -96 880 0
w 112 896 -224 896 0
w -240 -96 -240 112 0
w -240 112 -240 128 0
w -240 128 -240 480 0
w -240 480 -240 656 0
w -240 656 -240 896 0
w -240 896 -224 896 0
w -160 784 -160 864 0
w -96 720 -96 880 0
w 0 624 0 736 0
w 0 736 0 816 0
w 0 816 0 960 0
w 0 960 32 960 0
w 928 -64 672 -64 0
w 592 32 672 32 0
w 672 -64 672 32 0
w 928 -48 720 -48 0
w 592 240 720 240 0
w 768 240 768 416 0
w 928 -32 784 -32 0
w 784 16 784 -32 0
w 592 800 784 800 0
w 928 48 688 48 0
w 928 80 736 80 0
w 592 96 688 96 0
w 688 48 688 96 0
w 736 80 736 448 0
w 592 448 736 448 0
w 928 128 688 128 0
w 928 160 784 160 0
w 688 96 688 128 0
w 928 208 672 208 0
w 672 32 672 208 0
w 928 224 720 224 0
w 768 240 928 240 0
w 1088 336 688 336 0
w 688 128 688 336 0
w 720 240 720 384 0
w 928 384 720 384 0
w 928 416 768 416 0
w 1088 560 688 560 0
w 688 336 688 560 0
w 928 608 720 608 0
w 720 384 720 608 0
w 768 416 768 640 0
w 928 640 768 640 0
w 944 720 672 720 0
w 672 208 672 720 0
w 736 448 736 736 0
w 736 736 944 736 0
w 768 640 768 752 0
w 768 752 944 752 0
w 720 240 720 224 0
w 720 -48 720 224 0
w 784 16 784 160 0
w 784 160 784 800 0
w -64 544 -64 288 0
w -64 288 -64 48 0
w -32 320 -32 592 0
w -32 -32 -32 320 0
w 0 624 0 400 0
w 768 640 608 640 0
w 608 640 592 640 0
w 592 592 592 640 0
w 592 640 592 736 0
o 94 64 0 4103 2.5 0.00009765625 0 2 94 3
o 75 64 0 4103 2.5 0.00009765625 0 2 75 3
o 58 64 0 4103 2.5 0.00009765625 0 2 58 3
o 74 64 0 4103 2.5 0.00009765625 0 2 74 3
o 90 64 0 4103 2.5 0.00009765625 0 2 90 3
o 82 64 0 4103 2.5 0.00009765625 0 2 82 3
o 89 64 0 4103 0.0000762939453125 0.00009765625 0 2 89 3
